检测 59 631 557 603 212 564 392 477 675 682 656 565 680 507 175 327 296 26 629 127 637 198 200 158 510 247 413 206 135 281 122 544 20 334 666 572 336 274 445 693 325 245 663 640 164 92 489 94 75 27 615 438 139 428 512 330 581 180 88 224
疫苗 53 498 32 506 165 555 377 593 613 491 440 285 262 471 400 412 41 320 322 5 525 230 519 34 91 405 8 199 586 205 23 688 432 113 508 601 588 605 215 308 30 254 575 81 7 28 1 12 576 19 266 65 594 21
传播 44 350 259 415 394 45 39 307 328 54 673 79 329 16 597 590 674 90 624 248 96 82 389 61 662 74 390 317 661 583 414 535 435 515 552 614 304 103 145 211 29 134 541 144 365
院士 30 463 391 388 323 451 689 447 494 616 448 186 341 111 118 370 249 242 110 335 287 343 114 500 324 348 93 64 692 208 221
临床试验 21 369 146 664 154 239 267 3 268 549 80 359 256 342 102 695 573 286 425 626 130 226
风险 20 455 607 228 612 678 137 196 13 152 475 600 36 293 24 220 422 95 106 234 191
结构 19 355 120 168 66 117 189 480 495 641 85 275 530 620 638 634 116 441 423 190
中国 19 379 380 570 452 458 174 639 309 660 155 550 279 694 305 277 364 233 257 501
蛋白 18 649 86 502 490 548 655 11 265 87 219 76 429 126 420 312 511 207 621
瑞德 18 347 468 363 162 100 143 163 273 78 513 222 431 652 670 202 300 520 521
死亡 18 55 648 623 6 172 218 46 610 409 237 547 185 176 68 25 532 643 538
抑制 17 385 0 460 430 270 461 315 439 551 592 272 650 584 115 47 131 250
世卫 17 568 473 42 181 531 229 57 136 509 71 108 567 669 123 332 524 231
ace2 17 269 171 2 60 179 492 528 18 321 169 72 326 59 331 630 416 514
防控 16 352 403 596 112 540 195 677 280 589 410 311 89 244 488 560 150
诊断 15 474 481 301 240 569 558 559 462 554 182 31 539 681 167 517
英国 15 184 183 676 166 58 217 51 9 14 84 316 161 684 22 141
病理 13 382 482 396 121 485 537 386 424 148 523 209 10 284
氯喹 13 271 177 419 642 213 238 37 595 192 313 427 404 556
宿主 13 297 585 598 367 436 38 333 545 685 105 563 4 261
穿山甲 12 371 467 366 683 499 518 645 77 469 493 282 67
中医 12 398 104 372 241 119 375 466 574 107 283 611 449
德国 11 378 194 299 417 201 340 483 411 97 314 653
蛋白酶 9 401 651 278 402 529 644 291 157 522
隔离 8 138 170 618 476 587 159 479 292
柳叶刀 8 354 345 338 418 70 543 486 534
曹彬 8 362 356 223 566 627 109 635 83
意大利 8 668 376 276 44 178 672 56 53
发文 8 505 399 591 504 578 497 496 443
攻关 7 478 444 358 255 602 671 628
艾滋病 4 454 407 484 73
攻关项目 4 453 456 465 464
应急 4 459 101 339 408
首批 3 357 263 646
