404 250 522 126 221 628 650 429 275 131
205 221 514 18 331 325 645 11 225 250
225 18 148 161 60 200 125 514 17 131
513 0 601 549 225 250 316 153 81 24
221 223 514 141 106 545 261 365 443 560
81 8 261 65 88 225 127 424 22 471
422 218 55 196 221 137 177 514 127 386
261 65 225 53 127 39 81 653 29 424
81 10 89 225 384 65 322 93 605 88
150 560 81 231 541 571 365 208 389 333
225 81 424 205 88 224 49 545 514 148
645 514 43 429 126 76 18 77 1 621
508 653 1 39 261 321 169 683 83 646
555 24 221 370 89 106 389 234 231 386
225 29 161 496 74 126 404 340 129 144
365 21 27 621 225 93 49 31 219 148
150 144 365 685 225 219 404 74 161 623
89 221 225 2 639 148 127 519 180 514
225 514 88 221 129 121 148 224 39 645
516 205 514 507 308 221 275 286 645 571
139 576 513 247 514 236 365 333 311 205
88 261 227 420 621 65 647 514 516 93
221 219 82 62 88 225 619 81 514 598
601 331 508 549 405 267 646 522 262 286
218 191 221 428 234 534 64 106 81 692
258 152 245 221 200 514 559 225 621 156
127 496 39 629 231 245 538 170 225 292
365 126 225 647 227 144 15 630 10 65
21 88 65 538 692 64 261 516 227 205
129 619 39 516 227 18 545 148 621 49
424 225 81 93 27 21 10 49 208 88
514 21 261 66 516 207 88 49 297 420
432 81 471 308 333 205 19 424 28 646
516 261 598 585 200 205 424 93 580 60
576 639 17 180 458 513 9 232 231 288
127 50 225 88 17 231 424 439 153 47
106 234 626 223 287 560 221 534 504 611
271 427 635 211 658 137 234 177 611 365
39 225 683 645 333 77 10 308 126 137
29 18 40 225 629 261 330 94 127 10
39 129 10 225 224 261 50 619 74 18
81 646 370 443 154 576 560 471 555 308
229 71 669 524 290 603 567 576 181 108
514 645 77 516 88 650 331 127 148 221
141 570 225 219 384 144 150 620 428 53
220 307 681 292 283 221 18 656 549 83
434 177 427 514 271 224 516 192 94 225
49 225 161 10 224 424 221 514 545 621
65 149 271 621 278 24 210 252 93 522
225 545 47 221 131 224 250 621 88 127
225 148 224 10 17 594 514 81 434 261
221 25 24 245 497 177 623 571 22 125
261 131 148 88 18 207 49 621 81 135
261 127 10 653 225 49 88 424 621 81
583 4 261 17 365 141 623 389 89 74
177 434 6 137 225 218 196 144 260 56
221 225 53 261 47 127 424 49 144 621
221 261 132 499 125 274 211 25 177 245
365 438 248 311 9 220 222 541 2 139
18 225 60 514 261 287 221 137 365 74
225 526 221 200 386 10 4 598 81 545
583 261 150 49 76 149 389 225 39 404
22 514 221 81 424 645 225 205 303 619
319 125 583 129 261 65 28 200 201 138
692 93 225 88 205 24 429 81 621 221
261 21 127 424 621 365 516 76 225 88
598 72 117 189 420 157 120 88 429 207
384 499 501 43 645 77 514 22 277 518
221 153 3 127 422 137 252 228 514 49
221 96 88 144 411 233 225 282 526 307
635 221 522 534 626 543 621 234 427 273
526 365 225 411 304 229 340 538 222 221
598 585 126 367 66 620 219 18 33 621
522 250 261 225 39 271 653 0 305 211
685 231 225 29 39 40 126 10 85 499
507 247 656 88 206 18 510 652 240 177
219 621 424 221 225 429 126 514 645 423
43 514 645 261 225 180 127 207 683 429
513 520 508 484 549 271 425 519 226 646
74 144 22 161 581 685 496 211 235 227
513 73 522 252 271 520 508 549 221 143
205 424 594 10 225 599 646 614 88 106
22 96 277 384 221 499 219 225 81 501
522 658 70 627 221 271 549 521 81 252
134 685 69 211 221 365 144 17 248 518
126 74 514 225 365 0 645 221 545 510
429 131 645 76 598 502 511 152 126 480
131 367 585 598 441 423 219 207 495 88
225 514 227 127 221 148 224 516 205 121
221 106 560 514 17 81 24 292 619 248
76 493 576 488 221 131 4 139 365 106
508 23 601 549 520 576 1 513 183 605
221 144 501 514 277 488 668 497 445 233
64 692 225 205 594 81 88 534 424 221
22 221 545 225 514 645 10 43 260 200
218 623 177 24 221 149 534 225 648 88
22 82 499 277 3 221 69 81 384 144
514 81 503 205 560 225 266 250 219 22
93 205 88 156 308 81 516 21 367 126
514 499 321 169 443 384 496 367 331 205
273 143 513 3 635 534 221 223 549 226
375 308 386 157 660 692 64 556 424 242
268 646 286 342 359 613 93 64 81 469
389 515 390 623 387 394 245 488 145 132
611 574 119 323 118 375 370 155 106 107
384 126 304 365 645 514 282 499 144 331
221 424 287 581 560 514 81 24 619 500
221 574 542 106 36 233 119 372 616 370
221 576 536 603 488 451 601 560 514 310
223 541 261 141 106 538 526 274 365 196
534 287 429 81 93 205 190 64 375 501
556 242 257 675 541 343 555 221 514 534
119 106 338 574 284 560 107 308 36 221
333 510 24 266 208 514 331 321 131 500
514 225 205 424 221 208 29 0 224 598
0 297 120 131 250 641 430 598 507 420
443 514 432 496 250 291 500 471 461 493
117 275 120 291 0 641 88 620 522 429
574 611 284 106 104 514 443 348 664 675
556 398 284 255 104 611 534 386 626 106
189 117 275 291 641 168 423 620 441 66
148 88 221 205 127 424 224 621 429 514
121 227 148 127 211 325 150 663 65 251
73 365 513 404 89 331 653 425 570 26
144 221 227 538 69 225 92 411 526 127
221 260 127 236 132 414 129 245 187 225
0 85 621 514 645 221 129 429 18 27
88 621 221 227 121 261 225 65 629 200
534 404 150 0 131 641 620 556 367 114
18 29 221 225 224 645 17 161 10 205
143 513 305 431 81 428 271 252 287 24
429 514 250 598 49 148 0 522 621 224
221 145 225 623 135 514 261 17 292 133
132 221 225 629 53 601 604 65 127 424
365 139 685 496 89 538 231 443 221 216
225 43 88 330 177 148 49 121 22 428
524 639 538 457 288 108 370 17 34 458
203 221 287 164 95 547 6 59 196 24
292 145 16 132 623 89 685 394 65 170
134 365 282 496 89 685 17 216 106 221
514 74 17 150 685 161 261 144 434 88
153 225 221 4 365 404 424 150 47 514
261 252 365 141 196 152 306 583 74 514
100 513 223 549 556 221 305 226 635 130
92 365 225 88 221 150 277 514 389 137
132 623 89 221 292 4 685 261 245 389
194 342 508 286 102 268 613 359 646 513
152 623 648 21 252 95 4 441 423 225
121 224 88 514 598 367 221 619 250 645
225 623 177 88 191 224 221 621 153 95
404 615 514 221 144 60 225 496 365 81
261 298 21 53 175 424 127 308 225 483
147 149 196 21 141 583 4 218 150 177
221 225 3 65 88 200 260 127 24 534
267 256 268 601 646 593 102 522 286 549
104 367 486 458 443 507 530 639 589 277
516 225 205 88 621 429 514 200 221 10
64 308 692 266 205 646 429 660 66 117
247 514 1 458 91 18 413 106 304 105
365 680 653 307 144 139 224 127 150 443
126 384 251 235 645 499 106 67 221 43
514 225 10 47 221 49 250 129 224 18
100 273 239 513 143 73 635 300 305 141
202 2 126 21 49 225 64 692 623 234
137 221 127 49 365 330 411 88 305 247
267 199 646 286 268 331 601 256 23 154
549 389 221 370 514 254 277 486 501 443
221 514 653 141 250 209 273 523 106 513
620 275 641 644 120 628 87 205 545 190
321 331 514 598 367 224 18 225 10 49
221 127 245 141 225 231 89 153 384 624
224 161 148 18 121 49 60 59 129 47
176 365 434 24 576 225 88 134 236 223
494 650 518 488 500 462 443 364 496 287
435 534 208 227 221 127 110 225 629 611
261 621 205 126 88 151 298 247 424 281
576 221 601 185 245 508 499 488 570 497
221 192 271 514 427 225 313 218 534 135
325 248 220 150 182 97 227 200 180 615
18 205 88 514 645 156 225 10 129 127
187 88 514 225 221 205 121 43 144 135
512 197 333 71 614 126 39 424 506 18
413 150 404 510 200 519 411 333 248 653
653 508 91 549 601 23 342 359 576 154
282 570 6 139 288 653 458 443 89 9
576 176 144 499 225 508 180 248 538 656
106 348 287 208 500 560 573 36 425 514
180 221 514 516 225 43 121 645 621 205
225 334 365 76 139 193 562 647 434 458
117 275 120 291 0 641 88 620 522 429
205 250 660 424 261 225 620 81 429 522
24 121 218 149 225 88 623 307 127 65
177 211 513 225 271 623 135 414 224 74
365 225 211 139 411 223 687 221 434 404
81 268 256 653 519 646 549 267 286 97
589 389 17 639 596 570 34 488 617 104
218 422 4 24 152 177 534 106 434 583
181 384 12 230 71 538 39 622 524 317
164 225 137 150 365 693 59 235 534 200
267 256 268 165 286 646 154 102 514 471
225 227 661 88 545 121 127 224 261 205
225 21 514 170 261 150 141 6 340 196
163 49 545 428 404 221 426 205 645 234
137 287 428 434 233 221 95 271 225 88
17 27 148 65 50 61 150 365 225 33
81 424 10 88 429 594 646 225 516 64
240 88 127 516 205 135 621 260 656 121
88 76 598 225 77 250 205 10 645 514
424 219 514 76 126 114 225 22 221 429
221 24 106 404 514 534 424 0 49 88
226 233 271 221 513 434 88 252 514 522
221 496 144 685 630 225 404 227 325 545
158 512 175 88 247 500 656 560 157 89
522 508 646 520 519 0 263 261 513 315
224 685 424 139 211 365 221 10 411 81
21 65 261 17 227 219 18 519 365 129
365 541 139 570 389 74 462 685 499 443
6 514 513 429 576 167 676 177 420 501
196 24 177 106 221 422 386 534 6 424
514 76 621 367 225 598 585 429 87 261
18 225 496 121 233 222 187 126 127 571
106 233 245 643 177 514 260 127 211 261
221 424 10 411 220 614 225 74 50 404
4 109 221 404 635 106 526 424 610 619
148 514 10 88 225 221 250 18 645 205
10 88 424 514 49 621 620 221 47 224
221 601 513 177 271 549 210 514 143 500
88 127 205 261 21 200 516 645 621 225
233 137 221 305 127 177 24 225 658 428
71 42 623 83 541 281 620 370 61 669
12 261 205 524 519 151 605 538 139 509
221 245 365 685 127 170 74 134 26 496
89 581 180 221 305 170 4 139 17 106
221 225 514 127 88 260 658 228 43 549
428 24 49 225 150 221 626 658 424 534
126 645 225 88 621 384 261 404 514 10
221 132 125 514 177 601 225 576 639 434
39 245 252 196 17 24 26 170 132 216
365 305 428 261 177 287 427 538 404 109
3 513 549 484 130 267 271 305 522 521
206 510 135 514 127 261 221 177 200 49
611 257 523 365 526 221 411 60 261 252
221 534 386 342 424 675 67 308 560 81
200 25 245 485 60 33 258 4 687 153
365 141 221 245 170 127 225 106 231 680
221 231 488 170 365 127 153 443 623 560
17 134 248 221 365 89 225 170 139 132
75 656 221 510 177 135 507 513 88 206
126 144 121 227 88 221 89 629 139 510
221 365 248 341 526 88 137 501 494 31
0 131 522 270 598 514 620 225 641 367
126 499 29 74 205 685 10 227 105 645
221 534 24 17 292 110 514 88 200 507
67 365 27 404 225 77 645 235 126 282
576 310 370 549 471 601 83 443 524 560
556 671 555 257 513 358 576 33 602 119
267 154 199 471 646 102 157 522 268 81
556 221 24 513 309 305 64 692 514 255
526 221 218 209 233 496 127 539 404 514
674 434 514 307 22 240 261 224 583 18
221 88 127 225 283 621 428 514 180 414
516 514 21 274 221 127 65 621 227 49
549 23 508 601 471 65 205 500 3 267
522 549 508 513 143 556 73 520 80 646
150 103 518 135 74 294 73 10 499 526
598 308 72 225 250 367 585 645 266 495
424 157 131 81 250 308 205 660 501 97
646 286 199 256 154 268 522 514 331 0
286 646 102 267 342 359 81 613 199 331
221 121 177 191 250 427 81 534 307 623
250 650 131 645 522 18 129 225 205 326
305 177 658 522 434 427 514 127 221 224
653 131 282 337 621 411 278 143 620 252
221 626 513 226 100 300 521 271 514 601
261 127 221 21 65 88 109 245 227 621
168 628 620 516 641 291 514 367 0 189
219 653 53 56 225 514 135 621 131 148
501 221 144 499 22 514 282 92 384 219
584 522 621 429 127 645 221 644 252 250
443 623 245 292 293 560 132 233 394 552
319 621 125 127 565 318 65 281 227 245
370 150 127 248 494 65 39 245 443 81
443 514 89 277 139 222 221 304 389 76
260 205 221 200 127 18 81 88 224 594
534 576 106 118 221 611 110 424 364 10
458 685 65 322 471 333 32 443 499 560
646 268 102 267 359 429 342 613 331 64
221 106 534 0 488 110 261 137 364 514
576 443 486 370 488 451 514 570 284 458
555 208 157 503 282 333 89 538 26 671
669 576 603 688 526 518 225 317 365 479
275 116 189 117 641 514 620 645 598 0
623 89 552 252 26 245 24 29 560 293
292 623 245 443 279 24 261 200 153 394
221 76 629 277 17 89 81 424 514 134
221 167 504 49 559 205 576 29 225 81
510 559 205 250 150 564 413 114 127 307
0 439 514 641 545 585 430 88 367 598
512 365 127 81 494 231 308 65 225 261
252 513 556 273 167 217 143 514 221 73
520 513 271 257 521 64 692 88 260 626
282 514 560 384 413 231 225 367 545 429
510 205 653 621 645 331 81 18 24 429
225 641 620 514 424 250 148 645 81 22
324 81 614 411 225 222 615 282 126 514
271 427 428 221 225 522 64 424 3 177
248 365 221 127 314 134 39 261 85 200
221 144 150 514 139 106 389 245 623 22
205 81 424 675 157 646 514 594 64 692
257 143 221 305 141 427 513 252 130 635
443 576 370 512 534 560 578 254 108 543
514 674 507 538 370 221 126 365 0 283
534 543 576 367 131 225 486 70 284 110
226 3 271 522 70 177 305 24 646 513
488 221 499 462 211 287 231 227 475 127
0 522 429 653 650 621 514 250 286 646
424 221 522 556 549 224 106 3 513 692
507 536 318 514 331 458 653 221 88 603
576 500 225 221 275 486 601 507 514 510
17 206 225 50 220 89 65 252 125 129
688 669 12 254 290 576 332 603 113 317
169 331 514 545 367 598 76 224 585 516
424 384 225 81 471 205 261 8 413 308
375 611 119 221 556 106 36 104 635 343
304 225 81 424 205 514 10 190 161 129
221 514 645 127 227 1 180 121 88 132
331 129 29 0 221 76 18 325 653 650
541 507 516 127 231 570 514 288 223 74
340 411 304 662 248 74 404 222 685 231
496 39 662 29 126 74 221 231 499 645
645 121 621 43 221 127 516 224 200 514
321 169 514 646 0 18 126 326 522 224
669 603 292 524 245 108 293 310 623 4
503 221 81 510 514 126 496 560 89 519
188 225 683 144 221 538 224 518 614 499
675 308 205 513 81 424 64 692 534 93
224 221 127 81 106 88 250 18 225 220
621 282 22 17 250 272 221 304 518 208
370 284 534 106 119 208 104 112 560 36
555 680 576 444 560 255 389 258 593 671
411 225 328 74 304 222 10 211 614 22
106 365 611 323 284 560 208 308 343 249
359 102 601 646 613 268 508 23 154 221
556 221 81 223 610 106 226 205 534 514
514 81 331 275 321 516 424 530 685 271
534 384 496 543 381 110 245 170 443 370
591 221 106 504 496 435 476 462 444 458
513 471 358 670 652 521 300 520 315 85
518 493 514 450 469 261 499 221 77 43
580 469 494 471 60 145 33 698 81 472
341 249 682 661 680 389 496 570 123 552
512 494 500 221 469 106 493 294 486 81
462 488 252 444 364 514 409 470 221 106
221 367 499 233 486 370 389 81 307 545
355 543 71 21 451 221 370 229 250 541
495 168 116 477 72 530 555 439 656 354
566 488 287 534 543 452 486 110 387 418
223 24 566 375 114 218 422 386 106 81
555 628 504 432 255 88 576 221 641 444
342 102 613 646 508 601 64 286 549 268
221 307 612 514 106 615 555 624 116 325
106 221 291 500 424 275 0 1 512 620
627 626 611 287 526 556 563 635 36 532
21 117 189 620 275 66 331 169 321 131
221 374 514 488 646 0 516 156 556 106
144 680 231 496 538 404 225 139 541 88
499 469 67 514 645 105 518 261 384 545
585 598 514 545 516 148 250 645 620 429
161 499 0 490 647 321 81 308 2 232
359 268 286 342 613 102 664 183 573 23
576 534 443 501 514 221 486 560 488 106
645 545 514 516 534 389 77 67 630 598
386 664 359 574 107 118 646 342 154 286
570 444 331 443 321 169 282 231 458 74
364 221 488 437 287 514 267 156 452 462
323 534 386 611 110 556 424 64 660 221
82 518 452 605 15 570 512 84 9 407
432 506 593 23 558 286 268 471 32 81
413 411 402 401 378 340 328 97 299 653
101 238 239 574 573 639 572 92 256 257
236 392 534 514 513 631 552 221 501 616
384 614 458 496 74 225 501 187 365 223
396 559 391 558 635 680 569 386 539 557
370 486 443 288 452 570 462 567 534 576
499 514 67 43 443 501 620 221 225 496
0 461 131 404 53 250 261 598 278 367
221 424 148 106 81 205 534 24 576 121
515 623 394 103 534 499 367 245 496 389
425 104 611 343 534 36 287 106 626 375
390 103 623 488 501 144 515 514 221 499
389 501 514 221 103 219 623 144 499 307
514 221 375 534 626 523 110 616 516 569
631 501 514 557 534 380 372 118 675 559
114 225 221 49 106 88 168 205 620 22
103 515 496 387 623 211 145 389 292 150
570 514 546 294 486 187 389 555 351 563
386 375 391 569 534 152 559 110 249 570
245 231 496 680 404 127 686 365 6 579
556 119 611 574 221 466 241 375 0 449
598 114 534 110 496 0 546 404 422 223
370 500 384 502 105 514 598 367 585 588
651 495 644 265 480 85 157 512 15 605
291 644 278 250 501 522 490 443 384 429
370 287 338 534 110 500 576 496 488 288
0 221 365 496 223 534 581 127 538 424
23 508 549 601 522 646 221 331 653 250
233 221 549 405 497 579 668 92 643 601
221 82 15 605 518 214 512 236 34 616
144 680 65 225 514 139 221 245 135 153
576 17 221 488 520 497 458 176 139 252
365 139 134 576 3 458 17 679 570 370
340 221 211 640 225 328 514 187 365 304
576 575 570 365 601 370 679 298 458 134
510 628 182 545 621 225 157 424 598 200
260 514 148 225 224 125 645 227 365 221
29 139 330 496 211 504 248 365 614 150
121 441 423 598 621 367 585 88 545 514
225 221 514 227 127 650 10 424 187 88
488 287 110 534 576 319 543 89 443 486
427 221 24 428 305 177 279 218 252 584
88 516 205 21 514 598 429 423 621 645
394 623 443 245 512 292 560 515 261 293
196 404 223 221 218 106 534 225 24 6
441 43 645 429 598 135 261 49 76 620
594 81 205 10 225 221 106 429 599 614
573 626 208 36 106 560 73 186 81 343
18 24 658 221 49 127 88 435 621 191
419 305 221 24 227 514 271 365 428 556
24 234 221 305 88 225 64 260 93 49
205 424 645 131 514 225 621 598 221 660
439 297 47 115 126 514 584 384 598 141
130 225 73 33 305 143 513 381 424 315
333 671 593 471 116 117 189 424 81 65
437 89 507 514 221 623 458 19 275 571
514 225 365 55 674 50 261 196 236 271
221 144 127 88 150 49 404 581 621 514
685 261 89 132 145 443 4 499 560 134
62 221 433 364 205 571 514 3 287 621
318 514 221 127 129 235 500 538 576 247
430 297 47 29 141 367 384 514 126 22
23 154 549 267 331 646 601 522 653 593
423 43 645 429 135 598 76 49 620 514
386 410 626 516 365 36 223 534 110 221
514 496 501 370 116 512 4 245 471 458
494 470 555 500 458 628 671 570 514 287
221 488 501 514 499 562 144 475 92 668
486 221 0 646 507 516 473 452 514 652
221 370 106 448 574 404 494 514 569 555
494 444 574 500 611 447 221 370 106 386
221 646 645 77 507 571 252 516 261 43
514 221 499 219 501 625 77 62 261 22
221 576 404 0 500 534 486 370 106 514
496 514 370 488 534 287 443 220 486 646
456 465 255 358 555 464 339 119 459 342
584 278 529 619 337 73 653 519 0 89
488 106 514 287 443 462 496 261 364 475
465 453 255 358 555 339 119 459 464 433
136 524 317 603 536 446 370 104 486 108
443 570 514 365 513 89 389 501 282 17
456 155 465 453 104 628 444 443 486 458
461 650 126 516 584 297 81 514 500 116
404 116 0 650 460 538 250 522 325 514
496 488 404 576 221 507 127 685 603 486
534 287 36 626 119 33 221 388 422 425
444 465 287 458 364 501 221 469 494 514
456 453 464 555 444 628 291 358 501 525
261 221 504 252 106 499 520 556 516 287
499 469 501 77 645 518 496 516 384 348
549 521 593 250 522 508 143 485 256 267
499 494 493 501 500 518 81 286 646 106
444 628 458 462 516 514 486 507 499 474
646 256 522 81 267 205 266 268 286 102
443 494 116 493 432 512 221 471 526 89
446 221 364 500 106 516 287 444 470 0
462 458 287 470 443 514 488 404 444 685
488 221 680 144 570 287 106 499 486 92
89 221 404 365 488 287 458 462 507 141
510 656 514 75 507 621 325 70 645 88
555 560 671 432 358 471 444 589 370 333
538 144 126 545 29 404 630 49 245 365
495 207 441 423 87 261 206 66 367 275
559 489 462 504 231 127 295 221 167 514
386 523 106 314 534 569 287 494 526 488
227 144 88 219 458 365 207 519 570 21
549 0 508 250 521 305 316 522 331 221
386 200 245 153 494 526 443 25 663 243
221 514 488 516 370 645 543 364 0 443
514 595 628 499 556 261 462 570 443 255
576 221 245 501 364 497 486 370 514 462
581 88 501 636 225 514 277 656 75 295
126 420 598 367 85 585 157 308 514 499
156 286 1 205 19 646 571 522 308 370
495 499 275 530 500 514 291 367 493 66
496 221 494 650 469 43 501 499 500 443
500 650 512 469 386 404 493 365 221 687
480 207 87 585 120 367 598 492 641 275
443 221 514 365 493 501 471 545 462 139
221 488 180 576 674 89 639 106 170 127
555 432 256 333 506 97 519 646 471 549
469 384 67 501 518 514 221 493 77 450
494 650 0 221 514 275 493 469 106 404
514 499 370 277 443 221 389 450 469 205
598 367 585 189 117 157 308 85 480 291
333 97 514 384 126 496 331 510 516 221
494 221 545 106 496 516 514 231 333 628
560 620 497 370 447 448 611 578 494 36
593 432 555 588 102 646 498 549 576 208
75 88 656 221 247 180 516 126 127 514
601 23 549 646 91 250 221 653 513 405
570 524 603 513 534 541 365 110 565 81
302 514 247 645 240 325 206 205 477 126
541 529 462 443 628 275 516 567 507 291
494 657 443 500 245 365 225 298 469 504
520 522 521 646 601 508 549 271 23 626
221 443 516 501 43 645 88 429 225 331
387 394 103 623 496 389 384 245 443 534
514 205 88 261 621 645 221 367 420 43
675 24 477 135 510 245 225 428 157 413
499 493 501 67 469 144 77 225 221 348
549 646 81 508 525 23 256 471 653 97
513 522 221 508 514 300 646 261 226 250
549 522 514 513 507 221 541 0 256 81
646 549 0 429 250 131 653 205 315 127
221 365 141 663 225 386 424 106 234 209
488 486 221 389 370 514 576 144 245 501
519 549 250 508 81 653 261 342 97 522
258 539 221 49 365 81 127 71 223 60
225 365 514 496 384 434 220 126 614 541
0 18 619 47 297 161 22 630 223 221
511 522 645 644 126 291 443 598 429 250
514 275 291 157 247 492 89 628 367 541
252 110 556 221 365 534 177 25 273 410
221 88 365 514 404 519 127 125 150 422
514 231 685 500 458 444 507 486 443 639
110 287 543 496 221 429 81 576 225 284
221 76 283 287 0 261 127 220 121 435
603 317 509 83 108 458 370 541 639 507
462 496 488 507 500 516 486 221 621 173
541 365 39 144 221 479 304 519 126 404
221 514 205 81 127 526 261 516 653 49
555 386 494 556 444 221 677 560 358 669
538 365 519 570 567 404 521 144 560 208
221 24 106 107 540 514 370 534 386 358
486 221 81 619 514 424 370 106 225 620
514 88 227 572 261 221 21 647 127 424
49 200 598 514 585 367 221 225 148 645
224 514 17 221 501 132 645 148 225 577
137 228 658 203 164 623 221 526 534 428
152 494 471 286 291 19 628 60 496 646
522 601 0 508 484 3 221 81 646 205
89 552 225 17 224 292 88 24 623 50
226 127 24 221 121 621 0 88 522 130
17 292 89 458 261 279 513 145 571 180
43 384 449 645 67 493 501 471 443 348
560 221 106 81 424 555 370 89 519 549
498 560 671 556 333 432 576 81 97 370
611 221 555 106 143 424 111 271 255 375
559 560 517 127 631 569 445 413 507 680
560 671 221 514 576 593 333 555 559 205
555 514 200 560 127 245 25 81 576 221
106 221 89 443 555 514 333 81 675 424
127 221 261 445 298 274 483 631 621 611
221 501 445 514 488 475 233 261 307 591
370 225 365 81 85 496 514 424 576 696
510 559 200 656 113 507 565 516 296 428
245 231 221 247 127 578 365 26 581 496
534 221 443 496 106 576 150 223 514 623
541 331 443 570 486 514 511 74 89 507
576 34 136 153 639 574 231 444 524 54
560 532 514 516 556 675 510 493 507 404
458 282 514 89 443 486 475 541 499 522
514 221 650 621 500 220 127 187 645 429
514 180 224 683 443 81 106 161 225 187
425 343 626 36 0 81 119 560 287 106
611 560 104 118 106 443 343 348 221 370
576 679 365 601 17 494 615 570 139 370
370 601 488 23 513 221 534 365 236 508
526 132 546 365 200 24 279 261 443 427
443 221 365 496 404 538 534 424 680 541
221 365 245 488 260 514 624 144 501 545
221 493 650 500 205 514 429 507 549 291
221 404 106 141 685 89 424 148 224 4
493 221 127 435 125 501 233 650 218 258
590 196 21 389 152 54 150 177 623 225
592 278 641 420 221 628 250 21 620 522
367 598 514 545 516 620 148 429 29 645
262 491 219 471 19 205 65 64 692 484
342 23 576 601 221 307 389 680 225 501
18 506 671 500 469 424 205 619 1 333
499 486 450 367 507 370 255 560 488 576
583 221 233 497 389 390 601 177 549 623
221 514 260 261 534 225 88 49 137 435
584 439 221 278 250 641 420 628 297 430
506 432 23 205 549 154 81 471 576 646
424 81 599 10 205 614 106 225 429 50
443 499 514 384 541 367 247 513 530 516
677 139 570 589 639 195 576 675 89 458
538 248 496 150 521 541 235 404 85 144
585 367 514 545 429 148 516 250 620 131
614 594 81 424 205 429 10 225 64 646
24 23 236 514 218 121 221 88 191 386
23 646 576 549 508 267 221 513 331 342
255 556 444 494 677 694 471 118 443 512
680 507 127 245 88 669 666 509 331 536
53 365 133 132 144 74 435 680 404 570
518 570 519 81 15 646 512 508 12 82
661 681 245 526 443 200 365 247 225 221
612 435 228 582 135 49 2 10 132 137
623 293 4 279 292 245 552 65 110 24
89 381 365 252 619 571 43 458 516 493
223 429 424 148 121 621 4 10 64 25
574 221 556 404 534 106 118 343 424 365
555 221 106 196 218 514 25 386 375 576
359 342 102 286 268 646 64 692 469 93
424 599 81 594 205 225 10 304 429 74
576 150 629 304 656 365 200 85 248 294
221 370 574 107 233 342 353 245 106 348
139 488 236 576 552 524 17 514 89 389
683 449 469 225 81 39 188 671 26 205
221 22 224 29 516 148 225 424 641 620
641 225 275 168 585 598 367 644 250 88
88 127 221 514 516 121 225 18 21 156
127 221 180 77 499 225 247 261 524 325
648 177 24 191 225 292 149 534 387 95
221 127 424 106 53 170 132 22 17 260
81 514 22 62 645 205 43 261 161 619
635 627 522 221 234 514 513 36 386 658
522 429 404 73 658 626 221 127 205 225
275 641 620 0 516 514 507 598 367 619
227 221 127 88 615 224 26 645 621 200
49 21 545 88 161 225 221 47 227 514
127 245 517 507 559 557 281 560 150 88
365 252 541 538 663 221 298 526 223 231
252 541 257 509 221 299 513 556 255 248
512 493 85 208 685 245 4 585 219 429
626 70 658 234 522 627 223 73 305 375
514 22 499 219 384 501 277 489 450 89
295 221 206 559 64 692 284 365 628 569
514 221 89 106 499 384 370 469 501 541
514 389 576 370 488 458 104 331 17 231
127 411 187 211 221 180 662 340 92 630
620 168 275 619 88 628 598 250 585 644
221 620 64 516 0 692 271 234 24 427
221 260 233 180 258 177 125 127 571 497
429 620 250 641 522 131 621 645 168 585
516 514 88 43 77 621 127 227 148 205
286 268 522 267 102 331 205 549 601 0
225 21 10 621 205 53 50 261 17 424
623 177 95 218 55 149 147 2 24 191
645 651 250 621 644 85 72 620 66 127
500 0 221 514 129 493 43 494 645 516
644 645 117 189 85 439 423 441 291 429
221 507 247 521 522 646 670 514 75 500
621 522 331 514 315 127 18 250 0 646
221 685 419 145 526 211 132 684 325 427
127 81 126 653 549 508 225 207 220 88
247 88 75 507 206 221 135 325 200 225
512 245 494 365 443 261 134 298 684 685
234 627 522 635 73 83 626 271 221 228
221 271 218 127 156 205 621 420 516 121
424 429 620 190 514 641 205 81 646 106
200 221 545 1 330 424 106 88 22 227
231 221 328 496 74 640 248 514 685 252
221 526 365 137 164 411 127 632 386 261
372 626 256 573 425 36 106 359 118 102
106 218 386 221 24 560 89 504 295 559
523 611 514 680 141 231 458 126 221 127
513 432 257 646 521 23 331 261 522 508
221 92 497 307 488 499 514 570 144 549
332 603 292 9 89 71 139 114 290 538
652 521 247 75 513 576 522 236 23 656
444 560 555 556 255 432 89 675 443 424
576 221 526 236 488 125 245 261 211 287
292 674 279 514 497 330 221 137 623 17
497 236 514 221 125 434 283 18 126 271
560 534 308 157 386 501 576 81 266 190
514 236 576 513 221 434 6 365 125 217
307 245 89 443 596 675 255 671 576 139
455 232 389 17 514 236 139 572 443 365
576 575 134 365 494 615 601 89 386 17
365 404 578 245 150 127 576 225 532 462
682 227 221 200 661 225 614 88 64 24
227 681 88 200 180 645 150 248 325 572
645 514 77 261 225 10 545 572 106 11
245 89 145 225 685 221 141 132 365 501
436 404 231 365 134 139 74 261 144 496
680 245 365 475 231 221 462 404 211 581
225 365 21 59 74 144 494 10 25 60
603 576 290 669 320 332 370 501 317 601
84 570 639 576 519 573 110 0 514 532
148 621 43 224 88 131 225 330 619 29
428 305 404 49 130 221 24 435 545 234
64 93 225 88 221 205 81 24 621 429
261 150 137 164 74 287 248 534 221 88
556 471 255 513 522 208 671 514 97 104
513 23 273 3 521 667 143 556 522 549
501 469 563 534 424 429 67 125 494 21
384 277 141 219 82 67 47 501 581 539
494 60 221 227 469 493 650 81 26 384
